Cross val svc
This was f1 score for one vs all
took around 2 hours to complete
no normalization
0.084, 0.084, 0.099, .1.36, 0.10

C = 2.0
svm with normalization on subset dataset
Cross validating
[ 0.39649123  0.33687943  0.36879433  0.41007194  0.3442029 ]

Cross validating
Validating svm
normalized with feature cullin
[ 0.38596491  0.34042553  0.33333333  0.41007194  0.34057971]

Cross validating
Validating svm
normalized with l1 on axis 1
[ 0.34736842  0.36879433  0.36170213  0.37410072  0.39492754]

C = 1.0
Cross validating
Validating svm
[ 0.34385965  0.35460993  0.35106383  0.41007194  0.33333333]

Cross validating
  1 Pipeline: Split class, svm
  2 (15109, 503)
  3 (15109,)
  4 [ 0.44064386  0.42313705  0.43080125  0.42233503  0.43229167]
  5 (15109, 503)
  6 (15109,)
  7 [ 0.43333333  0.4120603   0.4950495   0.5047619   0.47115385]
  8 (15109, 503)
  9 (15109,)
 10 [ 0.17283951  0.21333333  0.13793103  0.21192053  0.26277372]
 11 (15109, 503)
 12 (15109,)
 13 [ 0.34682081  0.38577586  0.35333333  0.37443946  0.39633448]
 14 (15109, 503)
 15 (15109,)
 16 [ 0.41935484  0.45714286  0.35344828  0.47346939  0.40944882]
 17 (15109, 503)
 18 (15109,)
 19 [ 0.23481781  0.21862348  0.24390244  0.28703704  0.31818182]
 20 (15109, 503)
 21 (15109,)
 22 [ 0.48        0.45255474  0.45663717  0.52612613  0.48409894]
 23 (15109, 503)
 24 (15109,)
 25 [ 0.26133333  0.23687752  0.25702811  0.22252011  0.26600985]
 26 (15109, 503)
 27 (15109,)
 28 [ 0.44025157  0.44938272  0.44191919  0.49338147  0.44981862]
 29 (15109, 503)
 30 (15109,)
 31 [ 0.14285714  0.19354839  0.12380952  0.19213974  0.16037736]
